88
90
99
124
146
175
196
217
233
268
277
287
308
325
335
339
341
347
371
382
407
411
425
441
457
529
582
600
621
672
726
762
769
770
790
846
863
877
952
964
975
1002
1016
1124
1147
1159
1198
1199
1201
1202
1204
1207
1210
1211
1229
1241
1245
1254
1339
1350
1373
1383
1399
1430
1447
1455
1462
1512
1522
1536
1683
1713
1758
1762
1784
1804
1813
1891
1950
1965
1980
1988
1998
2021
2129
2233
2263
2270
2321
2375
2378
2391
2408
2449
2459
2479
2504
2559
2568
2580
2610
2640
2645
2654
2675
2676
2677
2678
2679
2680
2681
2682
2683
2684
2685
2686
2688
2689
2690
2700
2707
2712
2749
2763
2779
2783
2788
2798
2799
2807
2811
2812
2829
2890
2922
2937
2941
2953
2971
3012
3039
3059
3068
3095
3160
3199
3226
3278
3292
3392
3431
3457
3465
3515
3536
3550
3617
3691
3747
3923
3943
4007
4066
4071
4187
4208
4229
4258
4314
4360
4419
4428
4453
4476
4494
4546
4776
4777
4778
4779
4780
4781
4782
4783
4784
4785
4786
4787
4788
4790
4795
4916
4929
4968
4996
5037
5056
5118
5160
5191
5230
5285
5364
5368
5436
5437
5438
5439
5460
5465
5470
5498
5502
5507
5508
5509
5510
5516
5522
5523
5524
5526
5528
5530
5665
5712
5740
5741
5742
5789
5815
5829
5851
5884
5891
5904
5936
5989
6010
6072
